1041661
631844
382131
438317
306408
334427
438178
216183
293391
395077
350697
176566
128979
195641
206514
118699
59602
127640
118981
76819
145646
68709
140757
56787
105429
98492
76401
79197
118927
41763
59208
35421
91664
41034
38184
43417
35292
23597
26761
31397
28435
48354
42378
23252
26035
35935
18657
13137
20407
16001
20177
12018
12455
14684
9992
9040
11034
10948
13399
6772
7019
9452
7475
7856
4796
6278
3391
4891
5409
4170
4460
3061
4365
4192
3571
2342
2983
3939
4025
2116
1829
3900
2426
1822
2044
1723
2351
1700
2393
1557
1448
1922
1531
1055
954
1187
556
849
751
818
999
916
853
1060
819
698
761
759
711
881
794
450
515
498
385
486
534
523
321
368
270
416
232
302
266
324
195
220
572
209
191
182
296
103
231
316
209
75
94
120
208
112
121
62
83
74
179
107
61
95